,Temperature (°C),Soil Moisture (%),Humidity (%),Environment Rating
0,21.0,40.0,60.0,96.0
1,17.0,92.0,71.0,58.67699088108891
2,24.0,67.0,57.0,73.44744787922357
3,27.0,61.0,46.0,64.75439006164768
4,29.0,84.0,94.0,48.07168831168831
5,25.0,6.0,41.0,31.09083082221266
6,19.0,17.0,88.0,54.674348032242776
7,24.0,58.0,93.0,64.7390156062425
8,25.0,75.0,69.0,65.23963599595551
9,28.0,27.0,51.0,67.80026508384717
10,15.0,57.0,63.0,70.93797669935462
11,26.0,51.0,40.0,67.2679915828852
12,28.0,94.0,53.0,56.03136026567542
13,28.0,54.0,68.0,71.74810030395136
14,27.0,66.0,74.0,64.35588566600958
15,18.0,41.0,19.0,57.07160974671523
16,23.0,83.0,61.0,68.97809581401599
17,20.0,24.0,76.0,68.69368723098995
18,24.0,47.0,25.0,60.05449628127113
19,22.0,40.0,47.0,86.7359269723973
20,27.0,15.0,17.0,22.418831168831172
21,17.0,34.0,89.0,71.61759286662148
22,22.0,50.0,19.0,53.44552382821444
23,23.0,64.0,38.0,62.49422006564863
24,17.0,31.0,27.0,55.88676158584904
25,22.0,5.0,17.0,8.040102016846205
26,26.0,60.0,71.0,71.01744356017541
27,21.0,36.0,40.0,78.33684210526316
28,27.0,42.0,71.0,78.53169800781977
29,20.0,84.0,55.0,68.65641569459173
30,19.0,53.0,45.0,74.71090629800308
31,28.0,30.0,41.0,65.67468175388967
32,24.0,53.0,74.0,74.51343283582091
33,27.0,63.0,88.0,60.850629755969564
34,15.0,85.0,16.0,25.11859649122807
35,29.0,19.0,50.0,56.87402157164868
36,24.0,21.0,78.0,63.07403183654075
37,16.0,17.0,71.0,55.95976169017551
38,26.0,87.0,83.0,55.21274369791709
39,16.0,92.0,17.0,26.18684918684919
40,20.0,39.0,19.0,60.451682618092
41,29.0,19.0,94.0,48.003891701518825
42,25.0,51.0,32.0,61.6359292881032
43,16.0,65.0,72.0,65.56534456534456
44,28.0,35.0,71.0,76.38436932024719
45,29.0,30.0,87.0,63.46775510204081
46,18.0,18.0,91.0,53.420608849930616
47,27.0,27.0,70.0,69.20091848450058
48,27.0,53.0,21.0,47.51851851851852
49,29.0,8.0,28.0,18.867878787878787
50,18.0,72.0,30.0,49.849816849816854
51,16.0,33.0,64.0,78.4201191912195
52,26.0,47.0,35.0,66.3608783514178
53,15.0,18.0,67.0,56.640148429722146
54,15.0,53.0,39.0,61.515151515151516
55,17.0,26.0,53.0,69.48146109440938
56,16.0,89.0,33.0,43.311544102241776
57,23.0,51.0,17.0,47.947052947052946
58,19.0,90.0,51.0,61.86465696465696
59,21.0,32.0,34.0,70.73995271867612
60,15.0,72.0,52.0,60.95238095238095
61,23.0,44.0,63.0,86.62633301657692
62,18.0,62.0,25.0,50.073906485671195
63,22.0,24.0,86.0,66.61436763300414
64,25.0,14.0,45.0,50.440073613986655
65,21.0,73.0,41.0,64.64636817664066
66,24.0,71.0,10.0,27.707078507078513
67,29.0,75.0,91.0,52.462666282752664
68,18.0,28.0,56.0,75.99781557185207
69,18.0,27.0,69.0,71.87533708915174
70,28.0,36.0,64.0,79.77443609022556
71,29.0,94.0,31.0,38.33668361489257
72,23.0,86.0,66.0,64.59451659451659
73,23.0,14.0,79.0,52.76423709517235
74,19.0,20.0,63.0,68.67235772357724
75,28.0,25.0,13.0,29.629685383110036
76,20.0,37.0,13.0,49.78881893248749
77,21.0,29.0,73.0,77.73695107333552
78,15.0,27.0,55.0,69.2197707116591
79,20.0,93.0,33.0,49.403400318262214
80,25.0,7.0,44.0,34.82637159325411
81,26.0,78.0,50.0,61.15772219125988
82,29.0,85.0,72.0,56.62181818181818
83,15.0,22.0,6.0,15.025415444770278
84,27.0,6.0,60.0,39.94565217391305
85,24.0,22.0,73.0,66.09253779610316
86,17.0,24.0,65.0,69.28315789473685
87,24.0,91.0,23.0,37.312081915448054
88,23.0,79.0,39.0,57.964604023427555
89,19.0,52.0,9.0,36.88695652173914
90,20.0,53.0,28.0,61.94733328564957
91,15.0,50.0,18.0,43.17094017094017
92,21.0,15.0,15.0,27.709090909090907
93,15.0,13.0,90.0,38.662893081761005
94,24.0,18.0,30.0,46.12413793103448
95,20.0,77.0,68.0,69.83218678340629
96,19.0,15.0,34.0,45.56015473887814
97,18.0,73.0,27.0,46.6073331611934
98,18.0,93.0,76.0,57.07603851257102
99,16.0,25.0,62.0,70.02726560103609
100,29.0,34.0,5.0,26.429272349272345
101,19.0,9.0,20.0,19.675510204081633
102,19.0,59.0,74.0,72.13955977687321
103,29.0,77.0,32.0,44.99490152359717
104,29.0,79.0,63.0,61.24847714695634
105,28.0,46.0,69.0,76.20598006644518
106,27.0,81.0,92.0,51.93910395824271
107,29.0,28.0,87.0,61.383721488595434
108,19.0,94.0,91.0,53.086448551942276
109,29.0,86.0,87.0,50.63981859410431
110,29.0,93.0,47.0,51.520522802332934
111,18.0,71.0,70.0,66.99237699237699
112,19.0,24.0,28.0,53.027272727272724
113,27.0,73.0,17.0,32.40354556947477
114,21.0,74.0,56.0,74.70538415003024
115,19.0,88.0,38.0,52.981632653061226
116,20.0,23.0,16.0,40.116551541455266
117,23.0,49.0,73.0,79.56560707181642
118,15.0,37.0,29.0,59.57765455518264
119,22.0,93.0,24.0,41.57929707990908
120,16.0,8.0,6.0,-6.70925470925471
121,15.0,44.0,37.0,65.01325478645066
122,18.0,40.0,12.0,46.56410256410256
123,24.0,66.0,36.0,58.15911949685535
124,27.0,83.0,41.0,53.28559929163649
125,26.0,20.0,23.0,38.88626847816799
126,15.0,42.0,36.0,66.15447154471545
127,15.0,44.0,11.0,37.45003353454058
128,19.0,26.0,66.0,75.6008658008658
129,27.0,85.0,87.0,53.204897959183675
130,22.0,92.0,20.0,36.34601832276251
131,17.0,53.0,17.0,43.06675780359991
132,24.0,54.0,23.0,52.86073656327438
133,25.0,50.0,36.0,65.21980676328502
134,23.0,44.0,8.0,41.10211357270181
135,23.0,94.0,29.0,43.601237936974975
136,25.0,24.0,27.0,48.8328335832084
137,28.0,11.0,45.0,40.03081232492997
138,17.0,56.0,43.0,67.24391074774314
139,24.0,13.0,88.0,46.39983001869794
140,24.0,26.0,69.0,73.69245947850598
141,28.0,45.0,70.0,77.45507433742728
142,18.0,63.0,73.0,69.72551056506089
143,23.0,93.0,82.0,56.55955830677847
144,21.0,27.0,24.0,56.010660980810236
145,28.0,60.0,48.0,64.85396825396825
146,24.0,84.0,94.0,54.04502164502165
147,16.0,55.0,91.0,62.69307508972898
148,21.0,5.0,78.0,37.13526570048309
149,18.0,76.0,31.0,50.43993937097385
150,23.0,60.0,18.0,44.397202797202794
151,15.0,56.0,6.0,20.96969696969697
152,17.0,51.0,57.0,78.17890881048775
153,23.0,29.0,48.0,74.09003074220466
154,21.0,59.0,57.0,80.45998445998447
155,17.0,5.0,26.0,13.184278525771793
156,17.0,58.0,39.0,61.934413956970346
157,25.0,53.0,90.0,68.68854604955587
158,26.0,51.0,44.0,70.91676408697685
159,18.0,48.0,14.0,45.71820071820071
160,15.0,43.0,47.0,74.31666854333221
161,23.0,57.0,74.0,74.39680230524976
162,24.0,20.0,87.0,58.311564625850345
163,16.0,34.0,66.0,78.38481338481338
164,18.0,60.0,27.0,53.759681697612734
165,23.0,92.0,11.0,22.588561673068718
166,21.0,69.0,33.0,59.972477064220186
167,23.0,76.0,42.0,60.90835330997602
168,19.0,40.0,18.0,56.438461538461546
169,20.0,91.0,17.0,33.67824318671461
170,23.0,73.0,45.0,64.12757154350075
171,22.0,42.0,20.0,59.99716392512762
172,15.0,74.0,50.0,59.760765550239235
173,22.0,49.0,38.0,72.16786207558539
174,21.0,6.0,27.0,24.178410794602705
175,29.0,70.0,87.0,56.095807050092766
176,29.0,45.0,54.0,76.84978328173375
177,28.0,30.0,7.0,26.955223880597018
178,26.0,92.0,36.0,47.7672469374597
179,21.0,67.0,63.0,76.33827216776841
180,23.0,90.0,92.0,53.28303275671696
181,15.0,62.0,71.0,64.9200718455321
182,21.0,31.0,76.0,78.84672742336372
183,27.0,5.0,54.0,34.10380116959064
184,15.0,82.0,60.0,61.63387978142077
185,21.0,81.0,59.0,72.77623446072644
186,16.0,84.0,41.0,51.68798501471768
187,18.0,29.0,10.0,34.74215639433031
188,16.0,79.0,32.0,46.55376275069369
189,24.0,23.0,44.0,63.058363858363855
190,22.0,66.0,84.0,67.48018136609625
191,20.0,11.0,39.0,44.47110995174123
192,26.0,33.0,38.0,67.89992207900356
193,24.0,29.0,78.0,71.5768115942029
194,29.0,48.0,13.0,38.73633872976338
195,27.0,73.0,16.0,32.257102934326966
196,17.0,12.0,58.0,52.038221368283814
197,16.0,71.0,73.0,62.05066720856195
198,16.0,22.0,63.0,66.06064601186551
199,16.0,21.0,34.0,49.267988951630386
200,28.0,25.0,74.0,64.68705920944727
201,22.0,66.0,77.0,68.65716170813809
202,18.0,34.0,57.0,81.6139986139986
203,21.0,70.0,87.0,65.33580705009277
204,28.0,70.0,79.0,60.654395963748485
205,25.0,32.0,37.0,67.32232680910404
206,28.0,18.0,36.0,45.1256157635468
207,29.0,42.0,52.0,77.81923344947735
208,18.0,85.0,92.0,53.71708502024292
209,20.0,61.0,44.0,71.28593985102074
210,21.0,71.0,69.0,73.21956840561492
211,25.0,87.0,40.0,53.34974323861691
212,18.0,83.0,73.0,60.4958221068619
213,26.0,21.0,39.0,53.94126475779771
214,23.0,55.0,30.0,61.652312599681025
215,28.0,18.0,72.0,55.944917151813705
216,28.0,88.0,46.0,54.15431266846362
217,28.0,19.0,91.0,49.3465837114956
218,29.0,27.0,38.0,58.36280231495583
219,20.0,93.0,45.0,58.12690262240967
220,25.0,89.0,46.0,57.431564823117185
221,16.0,28.0,90.0,62.52750397456279
222,21.0,91.0,51.0,64.89478027645967
223,24.0,11.0,9.0,8.515089514066501
224,23.0,28.0,7.0,31.16992577220848
225,17.0,80.0,33.0,48.22637238256932
226,23.0,44.0,74.0,82.45196097434903
227,20.0,13.0,66.0,57.882869852957285
228,28.0,28.0,7.0,24.156904552865925
229,18.0,74.0,87.0,59.83059296593132
230,23.0,6.0,15.0,6.477470355731228
231,21.0,54.0,70.0,79.69885433715221
232,22.0,25.0,8.0,29.838682521309067
233,22.0,15.0,28.0,40.92177589852008
234,22.0,34.0,12.0,46.0356170123612
235,21.0,14.0,65.0,60.70518518518519
236,24.0,17.0,58.0,64.63104371097235
237,15.0,48.0,39.0,65.93939393939394
238,28.0,34.0,12.0,39.001287001287004
239,21.0,32.0,90.0,74.48888888888888
240,22.0,27.0,88.0,69.36398772948583
241,21.0,85.0,6.0,20.23272727272727
242,23.0,27.0,32.0,60.28564686449177
243,23.0,85.0,19.0,35.92662830840046
244,26.0,57.0,50.0,70.55139683742448
245,21.0,87.0,85.0,59.36546293782243
246,22.0,66.0,36.0,62.813514699429575
247,21.0,49.0,76.0,80.99867812293456
248,25.0,30.0,70.0,73.98232202580029
249,19.0,65.0,71.0,70.76404943656851
250,27.0,67.0,56.0,68.21720915243313
