,Temperature (°C),Soil Moisture (%),Humidity (%),Environment Rating
0,21.0,40.0,60.0,91.0
1,18.0,34.0,31.0,63.082863082863085
2,23.0,92.0,25.0,40.440285204991085
3,17.0,79.0,54.0,61.20698805838124
4,26.0,57.0,83.0,65.56624796567766
5,17.0,33.0,31.0,61.94109351355206
6,16.0,86.0,24.0,36.28785928785929
7,17.0,33.0,11.0,36.52233516455619
8,25.0,54.0,18.0,45.7392015939657
9,18.0,53.0,77.0,71.11884708965002
10,25.0,91.0,45.0,53.78806125835665
11,25.0,22.0,31.0,49.90717137000446
12,21.0,28.0,10.0,38.42016806722689
13,15.0,48.0,12.0,35.36363636363637
14,26.0,36.0,53.0,78.40565261770507
15,20.0,22.0,71.0,68.58189440303661
16,21.0,94.0,12.0,25.681592039801004
17,29.0,18.0,39.0,46.51548589341692
18,16.0,92.0,15.0,22.255528255528255
19,25.0,6.0,11.0,0.6785058175137824
20,21.0,87.0,92.0,56.26232905097389
21,26.0,60.0,89.0,63.93511352277595
22,15.0,49.0,20.0,43.932584269662925
23,21.0,51.0,87.0,75.50863422291994
24,20.0,84.0,76.0,60.187439255796725
25,17.0,73.0,64.0,68.50837627897891
26,20.0,91.0,22.0,37.5943027369205
27,24.0,20.0,89.0,57.6102908277405
28,19.0,58.0,49.0,71.18985208762405
29,21.0,86.0,68.0,66.75992063492063
30,23.0,11.0,30.0,33.92691622103387
31,23.0,15.0,17.0,26.441558441558445
32,24.0,9.0,25.0,24.28923569427771
33,29.0,71.0,35.0,49.21376955903271
34,28.0,68.0,63.0,67.75235514259904
35,29.0,52.0,17.0,41.10879728966685
36,17.0,13.0,39.0,40.390900063194
37,27.0,82.0,87.0,52.83916025426564
38,19.0,56.0,80.0,71.42380952380952
39,29.0,46.0,80.0,69.36345514950166
40,23.0,24.0,27.0,51.81504702194358
41,26.0,19.0,30.0,43.714989782425775
42,25.0,38.0,90.0,74.56767001114827
43,19.0,41.0,15.0,50.95925925925926
44,17.0,87.0,61.0,62.756563106862615
45,23.0,79.0,81.0,62.23966646619963
46,17.0,40.0,13.0,48.63302090843547
47,15.0,33.0,13.0,37.4703196347032
48,28.0,15.0,64.0,54.58441558441559
49,23.0,37.0,29.0,66.15774113526922
50,29.0,15.0,71.0,49.93504510756419
51,23.0,87.0,40.0,55.40586972083035
52,28.0,33.0,53.0,72.76655178982733
53,18.0,59.0,43.0,65.19887448042788
54,20.0,77.0,35.0,56.62256015272703
55,16.0,80.0,39.0,51.13677313677313
56,17.0,45.0,18.0,49.42605382233865
57,19.0,74.0,28.0,47.69059011164274
58,25.0,69.0,27.0,48.18074907500379
59,21.0,22.0,20.0,43.0
60,25.0,51.0,71.0,74.00817702045714
61,22.0,12.0,75.0,50.50685748360167
62,24.0,14.0,8.0,12.132461873638348
63,29.0,66.0,37.0,53.17142190235363
64,15.0,86.0,87.0,50.21315192743765
65,19.0,94.0,10.0,20.157782515991475
66,24.0,85.0,5.0,13.91076923076923
67,23.0,76.0,44.0,62.31106824210272
68,28.0,33.0,28.0,56.093755559508985
69,24.0,40.0,68.0,85.11666666666667
70,24.0,19.0,68.0,62.057203389830505
71,22.0,13.0,66.0,55.18147056979878
72,16.0,79.0,82.0,53.62132732803818
73,18.0,23.0,26.0,47.835136439787604
74,18.0,13.0,54.0,51.62294706286762
75,24.0,49.0,19.0,50.45072772957853
76,25.0,37.0,29.0,63.19824386653894
77,26.0,31.0,60.0,79.29157926281091
78,18.0,60.0,17.0,42.53666333666334
79,24.0,85.0,74.0,61.215721393034826
80,29.0,25.0,48.0,60.664957264957266
81,21.0,80.0,85.0,61.97701149425288
82,22.0,85.0,8.0,21.546374829001373
83,24.0,51.0,53.0,77.540892735583
84,18.0,76.0,93.0,56.4629947469704
85,19.0,29.0,22.0,49.62990455991517
86,19.0,70.0,28.0,50.17272727272727
87,24.0,48.0,46.0,76.7264722698685
88,21.0,40.0,58.0,89.98305084745763
89,15.0,10.0,69.0,40.28062015503876
90,19.0,57.0,65.0,75.92453608247423
91,25.0,67.0,65.0,71.72524989841529
92,25.0,93.0,84.0,52.10493625367768
93,19.0,51.0,20.0,50.505494505494504
94,26.0,88.0,25.0,36.837609511889866
95,17.0,53.0,43.0,67.57400783512179
96,27.0,14.0,17.0,21.40788840788841
97,17.0,93.0,25.0,35.421494913754984
98,17.0,91.0,74.0,55.63572255236474
99,22.0,59.0,18.0,46.68878408413292
100,17.0,80.0,83.0,57.302784934363885
101,15.0,78.0,36.0,48.22316384180792
102,24.0,48.0,50.0,78.46060606060607
103,20.0,64.0,5.0,24.71857410881801
104,15.0,19.0,69.0,58.08855603731442
105,29.0,40.0,32.0,64.60173913043478
106,26.0,34.0,60.0,79.75215641173088
107,15.0,14.0,86.0,43.12125824454592
108,27.0,33.0,17.0,43.006315602206016
109,21.0,79.0,91.0,59.70732928933163
110,17.0,73.0,54.0,65.41499767116908
111,16.0,42.0,12.0,43.06064601186552
112,18.0,35.0,25.0,59.59064856711915
113,16.0,50.0,80.0,68.11325611325611
114,18.0,25.0,87.0,63.4756671899529
115,27.0,18.0,50.0,55.78683385579937
116,29.0,69.0,20.0,36.052477064220184
117,18.0,34.0,44.0,73.65696465696465
118,19.0,27.0,93.0,63.31703248463565
119,23.0,25.0,15.0,37.96503496503496
120,24.0,59.0,29.0,55.05938032005447
121,18.0,18.0,6.0,13.381480588377134
122,24.0,32.0,14.0,42.65945945945946
123,26.0,79.0,6.0,14.278594996992993
124,18.0,94.0,64.0,62.091848450057405
125,23.0,46.0,27.0,62.338995407159
126,27.0,18.0,16.0,24.93012704174229
127,18.0,37.0,6.0,35.37362637362637
128,27.0,88.0,66.0,58.04761904761905
129,19.0,68.0,35.0,57.510136452241724
130,20.0,33.0,12.0,43.87593273193006
131,28.0,69.0,64.0,66.33653236375936
132,25.0,68.0,87.0,58.20664497683131
133,28.0,78.0,45.0,55.67796610169492
134,21.0,57.0,91.0,68.99494777087459
135,23.0,77.0,26.0,47.33996494461611
136,17.0,7.0,64.0,39.62106708087997
137,15.0,32.0,19.0,45.08298171589311
138,27.0,6.0,30.0,19.235507246376812
139,18.0,13.0,81.0,46.565667171046535
140,23.0,5.0,55.0,40.73254281949934
141,23.0,45.0,34.0,68.02992376834679
142,28.0,48.0,19.0,45.54907118198257
143,18.0,15.0,69.0,55.73768092372744
144,17.0,8.0,44.0,33.7867746288799
145,21.0,16.0,90.0,54.028571428571425
146,21.0,60.0,76.0,75.67058823529412
147,25.0,66.0,90.0,59.49171452009844
148,25.0,34.0,16.0,46.01873956336199
149,19.0,26.0,71.0,73.27443904695812
150,22.0,68.0,84.0,64.67872523686478
151,25.0,54.0,87.0,66.98689799694161
152,18.0,54.0,44.0,68.61211129296235
153,25.0,85.0,16.0,29.11395881006865
154,21.0,70.0,5.0,23.93706293706294
155,15.0,23.0,66.0,61.85714285714286
156,19.0,13.0,49.0,52.97708153020599
157,18.0,45.0,19.0,51.56034137121255
158,15.0,69.0,50.0,61.55184876285794
159,28.0,29.0,56.0,72.12086813735989
160,29.0,8.0,32.0,22.197101449275365
161,18.0,22.0,82.0,58.66948589801838
162,15.0,54.0,32.0,54.17175454825779
163,26.0,91.0,82.0,52.53693608786061
164,15.0,35.0,14.0,39.36936936936937
165,25.0,80.0,18.0,34.46042363433668
166,23.0,53.0,16.0,45.62041467304625
167,17.0,47.0,94.0,67.51622787375963
168,22.0,81.0,56.0,68.06717609866986
169,25.0,52.0,40.0,67.80869565217391
170,23.0,18.0,81.0,58.13266190889082
171,20.0,62.0,53.0,75.53324614974417
172,27.0,9.0,18.0,13.57927786499215
173,29.0,8.0,6.0,-8.603636363636367
174,19.0,13.0,48.0,50.66729559748428
175,21.0,22.0,33.0,56.58064516129032
176,15.0,50.0,15.0,40.02222222222223
177,18.0,90.0,19.0,33.284323271665045
178,27.0,88.0,62.0,61.983606557377044
179,15.0,52.0,41.0,62.17721337351126
180,15.0,71.0,46.0,57.45707972123067
181,29.0,48.0,27.0,54.06457680250784
182,18.0,14.0,17.0,23.67569467569468
183,18.0,76.0,23.0,40.775558467290914
184,18.0,77.0,50.0,64.28438228438227
185,27.0,66.0,22.0,40.63391624482283
186,21.0,65.0,92.0,65.2406015037594
187,26.0,47.0,39.0,69.89054892283065
188,18.0,35.0,25.0,60.28084464555053
189,24.0,44.0,78.0,76.92256728778469
190,27.0,8.0,62.0,42.56693989071039
191,18.0,83.0,17.0,31.387255021401366
192,27.0,81.0,80.0,55.38459268004722
193,26.0,23.0,14.0,30.429995344888965
194,18.0,23.0,61.0,72.35752126661218
195,26.0,35.0,15.0,45.07092198581561
196,28.0,28.0,42.0,61.54621848739495
197,20.0,64.0,51.0,70.90248973175802
198,27.0,19.0,77.0,56.24059755041445
199,26.0,79.0,70.0,60.814080787797934
200,18.0,73.0,94.0,55.031667447596654
